800 0.179882262305
900 0.127519584095
1000 0.0856411472285
1100 0.0570809921787
1200 0.0381839885259
1300 0.025714510733
1400 0.0174479725115
1500 0.0119246343387
1600 0.00820299069415
1700 0.00567657522426
1800 0.00394737705609
1900 0.00275687489912
2000 0.00193270409357
2100 0.00135902346869
2200 0.000957922071694
2300 0.000676341398218
2400 0.000478198385425
2500 0.000338395410677
2600 0.000239604789143
2700 0.000169597828442
2800 0.000120052656604
2900 8.49178513088e-05
3000 5.99870059559e-05
