600 0.406830851
700 0.165094354
750 0.110500282
800 0.076058293365
900 0.0373970446
1000 0.0204996927419
1100 0.0127890199
1200 0.00683956014339
1300 0.0046544135
1400 0.00261374040791
1500 0.0018026873
1600 0.0011483744
1700 0.0007430252
1800 0.0004882930
1900 0.0003259225
2000 0.000239518814875
2100 0.0001521434
2200 0.0001064039
2300 0.0000755822
2400 0.0000545303
2500 4.48570778809e-05
2600 0.0000297403
2700 0.0000224820
2800 0.0000172616
2900 0.0000134612
3000 9.82486087113e-06
3100 0.0000085775
3200 0.0000070087
3300 0.0000058166
3400 0.0000049029
3500 41.9758278604e-07
3600 0.0000036501
3700 0.0000032237
3800 0.0000028918
3900 0.0000026348
4000 24.3824379692e-07
4100 0.0000022917
4200 0.0000021878
4300 0.0000021213
4400 0.0000020891
4500 20.8967256514e-07
