600 3.3274E-01
650 1.9550E-01
700 1.2026E-01
750 7.6348E-02
800 4.9956E-02
850 3.3209E-02
900 2.2564E-02
950 1.5668E-02
1000 1.1051E-02
1050 7.8831E-03
1100 5.6924E-03
1150 4.1569E-03
1200 3.0571E-03
1250 2.2595E-03
1300 1.6935E-03
1350 1.2796E-03
1400 9.7276E-04
1450 7.4125E-04
1500 5.6869E-04
1550 4.3873E-04
1600 3.3956E-04
1650 2.6485E-04
1700 2.0729E-04
1750 1.6303E-04
1800 1.2808E-04
1850 1.0094E-04
1900 8.0506E-05
1950 6.3817E-05
2000 5.1005E-05
2050 4.0866E-05
2100 3.2633E-05
2150 2.6321E-05
2200 2.1150E-05
2250 1.7109E-05
2300 1.3850E-05
2350 1.1166E-05
2400 9.0901E-06
2450 7.3826E-06
2500 6.0152E-06
