600 3.1766E-01
650 2.0353E-01
700 1.3352E-01
750 8.9397E-02
800 6.0934E-02
850 4.2194E-02
900 2.9629E-02
950 2.1067E-02
1000 1.5149E-02
1050 1.1004E-02
1100 8.0670E-03
1150 5.9634E-03
1200 4.4423E-03
1250 3.3322E-03
1300 2.5158E-03
1350 1.9105E-03
1400 1.4589E-03
1450 1.1196E-03
1500 8.6324E-04
1550 6.6844E-04
1600 5.1966E-04
1650 4.0554E-04
1700 3.1757E-04
1750 2.4949E-04
1800 1.9658E-04
1850 1.5533E-04
1900 1.2306E-04
1950 9.7723E-05
2000 7.7778E-05
2050 6.2038E-05
2100 4.9580E-05
2150 3.9696E-05
2200 3.1835E-05
2250 2.5570E-05
2300 2.0568E-05
2350 1.6567E-05
2400 1.3360E-05
2450 1.0787E-05
2500 8.7182E-06
2600 5.6921e-06
2700 3.7308e-06
2800 2.4457e-06
2900 1.6118e-06
