600 1.7421E-01
650 1.0235E-01
700 6.2425E-02
750 3.9387E-02
800 2.5644E-02
850 1.7079E-02
900 1.1595E-02
950 8.0230E-03
1000 5.6312E-03
1050 4.0031E-03
1100 2.8908E-03
1150 2.1110E-03
1200 1.5486E-03
1250 1.1493E-03
1300 8.5872E-04
1350 6.4597E-04
1400 4.9001E-04
1450 3.7582E-04
1500 2.8721E-04
1550 2.2104E-04
1600 1.7244E-04
1650 1.3357E-04
1700 1.0489E-04
1750 8.2097E-05
1800 6.4401E-05
1850 5.1038E-05
1900 4.0496E-05
1950 3.2104E-05
2000 2.5616E-05
2050 2.0512E-05
2100 1.6464E-05
2150 1.3204E-05
2200 1.0710E-05
2250 8.6204E-06
2300 6.9372E-06
2350 5.6233E-06
2400 4.5744E-06
2450 3.7075E-06
2500 3.0332E-06
